49 50 51 52 53 54 55 56 57 58 60 59 48 47 46 61 62 63 64 65 66 67 68 69 70 72 71 45 44 43 15 16 13 14 41 42 12 11 10 9 7 8 19 20 21 18 17 40 39 38 37 23 22 24 25 26 27 30 29 28 2 1 3 4 5 6 36 35 34 33 32 31 114 113 112 111 110 109 108 107 106 105 104 86 85 84 83 82 81 80 79 87 88 103 102 101 100 99 98 97 96 95 94 93 73 74 75 76 77 78 89 90 92 91 116 117 118 119 120 121 122 123 124 125 126 127 128 129 130 134 133 132 131 115 135 136 137 138 139 140 141 142 143 144 75400
34 33 32 31 30 27 26 25 24 36 35 29 28 2 1 3 4 5 6 22 23 37 38 39 40 21 18 17 16 15 42 41 20 19 8 7 9 10 11 12 13 14 43 44 45 71 72 70 69 68 67 66 65 64 63 62 61 60 59 48 47 46 58 57 56 55 54 53 52 51 50 49 83 84 85 86 110 109 108 107 106 105 104 79 80 81 82 87 88 103 102 101 100 99 98 97 96 95 94 93 73 74 75 76 77 78 89 90 92 91 116 117 118 119 120 121 122 123 124 125 126 127 128 129 130 134 133 132 131 115 135 136 137 138 139 140 141 142 143 144 111 112 113 114 74425
144 143 142 141 140 139 138 137 136 135 134 133 132 131 115 130 129 128 127 100 101 102 103 88 87 104 105 106 107 108 109 110 86 85 84 83 82 81 80 79 111 112 113 114 49 50 51 52 53 54 55 56 57 58 31 32 33 34 35 36 6 5 4 3 1 2 28 29 30 27 26 25 24 22 23 37 38 39 40 13 14 16 15 12 11 10 9 7 8 19 20 21 18 17 41 42 43 44 45 71 72 70 69 68 67 66 65 64 63 62 61 46 47 48 59 60 77 78 89 90 99 98 97 96 95 94 93 73 74 75 76 91 92 116 117 118 119 120 121 122 123 124 125 126 77550
34 33 32 31 30 27 26 25 24 36 35 29 28 2 1 3 4 5 6 22 23 37 38 39 40 21 18 17 41 42 16 15 20 19 8 7 9 10 11 12 13 14 43 44 45 71 72 70 69 68 67 66 65 64 63 62 61 60 59 48 47 46 58 57 56 55 54 53 52 51 50 49 83 84 85 86 110 109 108 105 104 106 107 81 82 80 79 87 88 103 102 101 100 99 98 97 96 95 94 93 73 74 75 76 77 78 89 90 92 91 116 117 118 119 120 121 122 123 124 125 126 127 128 129 130 134 133 132 131 115 135 136 137 138 139 140 141 142 143 144 111 112 113 114 74425
144 143 142 141 140 139 138 137 136 135 134 133 132 131 115 130 129 128 127 126 125 124 123 122 121 120 119 118 117 116 14 13 12 11 10 9 7 8 19 20 15 16 42 41 17 18 21 40 39 38 37 23 22 6 5 4 3 1 2 28 29 35 36 24 25 26 27 30 31 32 33 34 49 50 51 52 53 54 55 56 57 58 46 47 48 59 60 61 62 63 64 65 66 67 68 69 70 43 44 45 71 72 92 91 73 74 75 76 77 78 89 90 99 98 97 96 95 94 93 100 101 102 103 88 87 104 105 106 107 108 109 110 86 85 84 83 82 81 80 79 111 112 113 114 70325
144 143 142 141 140 139 138 137 136 135 134 133 132 131 115 130 129 128 127 126 125 124 123 122 121 120 119 118 117 116 93 94 95 96 97 98 99 90 89 78 77 76 75 74 73 91 92 72 71 45 44 43 42 41 16 15 17 18 21 20 19 8 7 9 10 11 12 13 14 40 39 38 37 23 22 24 25 26 27 30 29 28 2 1 3 4 5 6 36 35 34 33 32 31 49 50 51 52 53 54 55 56 57 58 60 59 48 47 46 61 62 63 64 65 66 67 68 69 70 100 101 102 103 88 87 104 105 106 107 108 109 110 86 85 84 83 82 81 80 79 111 112 113 114 69525
142 143 144 141 140 139 138 137 136 135 134 133 132 131 115 130 129 128 127 126 125 124 123 122 121 120 119 118 117 116 95 96 97 98 99 90 89 78 77 76 75 74 73 93 94 92 91 72 71 45 44 43 70 69 68 67 66 65 64 63 62 61 40 39 38 37 21 18 17 41 42 16 15 20 19 8 7 9 10 11 12 13 14 23 22 6 5 4 3 1 2 28 29 30 27 26 25 24 36 35 34 33 32 31 49 50 51 52 53 54 55 56 57 58 60 59 48 47 46 79 80 81 82 83 84 85 86 110 109 108 107 106 105 104 88 87 103 102 101 100 111 112 113 114 69775
135 136 137 138 139 140 141 142 143 144 134 133 132 131 115 130 129 128 127 126 125 124 123 122 121 120 119 118 117 116 93 94 95 96 97 98 99 90 89 78 77 76 75 74 73 91 92 100 101 102 103 88 87 104 105 106 107 108 109 110 86 85 84 83 82 81 80 79 60 59 48 47 46 61 62 63 64 65 66 67 68 69 70 72 71 45 44 43 15 16 17 18 21 20 19 8 7 9 10 11 12 42 41 14 13 40 39 38 37 23 22 24 25 6 5 4 3 1 2 28 29 30 27 26 36 35 34 33 32 31 49 50 51 52 53 54 55 56 57 58 111 112 113 114 72025
34 33 32 31 30 27 26 35 36 25 24 29 28 2 1 3 4 5 6 22 23 37 38 39 40 21 18 17 16 15 42 41 20 19 8 7 9 10 11 12 13 14 43 44 45 71 72 70 69 68 67 66 65 64 63 62 61 60 59 48 47 46 58 57 56 55 54 53 52 51 50 49 83 84 85 86 110 109 108 107 106 105 104 79 80 81 82 87 88 103 102 101 100 99 98 97 94 93 95 96 90 89 78 77 76 75 74 73 91 92 116 117 118 119 120 121 122 123 124 125 126 127 128 129 130 134 133 132 131 115 135 136 137 138 139 140 141 142 143 144 111 112 113 114 73825
49 50 51 52 53 54 55 56 57 58 60 59 48 47 46 36 35 26 25 24 23 22 6 5 4 3 1 2 28 29 30 27 34 33 32 31 37 38 39 40 21 18 17 16 15 42 41 20 19 8 7 9 10 11 12 13 14 43 44 45 71 72 70 69 68 67 66 65 64 63 62 61 77 78 89 90 99 98 97 96 95 94 93 73 74 75 76 91 92 100 101 102 103 88 87 104 105 106 107 108 109 110 86 85 84 83 82 81 80 79 111 112 113 114 144 143 142 141 140 139 138 137 136 135 134 133 132 131 115 130 129 128 127 126 125 124 123 122 121 120 119 118 117 116 77350
