102 101 83 82 126 81 84 117 78 76 75 69 70 71 68 73 74 85 86 87 88 63 119 96 109 110 104 125 99 92 89 65 113 66 55 124 52 56 121 5 50 115 13 120 10 59 100 64 58 91 62 61 90 116 60 67 77 18 72 8 19 22 4 24 23 108 6 106 15 20 17 21 11 9 3 114 105 7 1 16 2 51 57 54 44 45 103 35 37 36 41 14 12 31 27 26 38 39 34 43 40 42 30 79 80 25 33 122 28 29 32 97 123 95 93 94 46 118 48 53 49 47 112 111 107 127 98 162980
82 83 126 81 84 117 78 76 75 69 70 71 68 74 73 67 22 4 24 23 20 108 6 106 15 105 114 11 9 3 100 58 64 91 61 62 60 90 116 59 10 120 13 115 50 51 2 16 1 7 37 36 35 40 39 34 30 41 43 42 28 122 33 80 79 77 18 8 72 19 21 17 14 12 31 27 26 38 25 29 32 97 123 95 93 127 107 111 112 94 46 49 53 47 118 48 45 103 44 54 57 121 56 5 52 124 55 66 113 65 89 92 99 125 104 110 109 96 88 87 86 85 119 63 102 101 98 150684
63 119 96 109 110 85 86 87 88 70 71 68 73 74 18 72 8 19 22 4 23 24 108 6 106 15 105 114 11 9 3 10 120 13 115 50 5 121 56 52 124 104 125 99 92 89 65 46 47 49 53 118 48 44 103 45 54 57 35 51 2 7 1 16 37 36 40 43 34 30 41 14 12 20 17 21 77 79 80 31 27 26 38 39 42 28 122 33 25 29 32 101 102 83 82 126 81 84 117 78 76 69 75 67 59 90 116 60 62 61 91 100 58 64 113 66 55 94 112 111 107 127 93 95 123 97 98 162748
117 84 126 81 78 76 75 69 70 71 68 74 73 67 8 72 19 23 24 37 36 35 46 48 118 49 53 47 56 100 59 64 58 91 61 62 60 116 90 3 9 11 114 105 15 106 6 108 4 22 20 17 21 18 77 79 80 32 29 28 122 33 25 30 41 14 12 31 27 26 38 42 39 34 43 40 44 103 45 54 57 50 13 115 10 120 7 1 16 2 51 121 5 52 124 55 66 113 65 99 92 89 125 104 88 87 86 85 110 109 96 119 63 83 82 102 101 98 97 123 95 93 127 94 112 111 107 162400
63 119 96 109 110 85 86 87 88 104 125 89 92 99 65 113 66 55 124 52 56 47 49 53 48 118 46 94 112 111 107 127 93 97 123 95 42 32 29 28 122 33 25 26 38 39 34 43 40 36 37 35 44 103 45 54 57 50 115 13 120 10 3 11 9 21 17 12 14 41 30 27 31 80 79 77 18 74 73 67 8 72 19 23 24 4 22 20 15 108 6 106 114 105 7 1 16 2 51 121 5 100 58 64 91 61 62 60 90 116 59 68 71 70 69 75 76 78 117 84 81 126 82 83 102 101 98 148828
63 119 96 109 110 85 86 87 88 104 125 89 92 99 65 113 66 55 124 52 5 56 121 51 2 16 1 7 105 114 11 9 23 24 4 22 21 17 20 108 6 106 15 19 72 8 18 77 79 80 31 27 30 41 37 36 35 40 43 34 39 38 42 44 103 45 54 57 47 53 49 118 48 46 94 112 111 107 127 93 95 123 97 32 29 25 33 122 28 26 14 12 13 115 50 10 120 3 100 58 64 91 61 62 60 116 90 59 67 73 74 68 71 70 69 75 76 78 117 84 81 126 82 83 102 101 98 146740
102 101 63 119 96 109 110 85 86 87 88 104 125 89 92 99 65 113 66 55 124 52 5 56 121 51 2 16 1 7 105 114 11 9 24 23 4 22 19 72 8 108 6 106 15 20 17 21 12 14 41 30 34 43 39 38 26 27 31 80 79 77 18 74 73 67 68 71 70 69 75 76 78 117 84 81 83 82 126 32 29 25 33 122 28 42 40 36 37 35 57 54 103 50 115 13 120 10 3 100 64 58 91 61 62 60 90 116 59 44 45 48 118 53 49 47 46 94 112 111 107 127 93 95 123 97 98 154396
126 82 83 81 84 117 78 76 75 69 70 71 68 74 73 67 8 72 19 22 4 23 24 108 6 106 15 20 17 21 9 11 114 105 7 1 16 2 51 50 115 13 120 10 3 100 58 64 91 61 62 60 59 116 90 18 77 79 80 31 27 30 41 14 12 43 34 39 38 26 25 33 122 28 29 32 97 123 95 93 127 107 111 112 94 46 118 48 53 49 47 54 57 35 37 36 40 42 44 103 45 121 56 5 52 124 55 66 113 65 89 92 99 125 104 110 109 96 88 87 86 85 119 63 102 101 98 147900
119 63 96 109 110 85 86 87 88 104 125 89 92 99 65 113 66 55 124 52 5 56 121 51 2 16 1 7 15 108 6 106 105 114 11 9 8 72 19 23 24 4 22 20 17 21 18 77 74 73 67 116 90 59 60 62 61 91 64 58 100 3 10 120 13 115 50 37 36 40 43 34 39 42 30 41 14 12 35 57 54 45 103 44 48 118 49 53 47 46 94 112 111 107 127 93 95 123 97 32 29 25 33 122 28 38 26 27 31 80 79 68 71 70 69 75 76 78 117 84 81 126 82 83 102 101 98 148132
32 29 33 122 28 25 38 39 34 43 40 36 37 35 16 1 7 105 114 106 6 108 15 20 17 21 22 4 23 24 19 72 8 67 73 74 18 77 68 71 70 69 63 119 85 86 87 88 109 96 110 104 125 89 92 99 65 113 66 55 124 52 5 56 121 51 2 50 115 13 120 10 3 9 11 12 14 41 30 27 31 26 42 44 103 45 54 57 47 53 49 118 48 46 100 58 64 91 61 62 60 116 90 59 75 76 78 79 80 117 84 81 126 82 83 102 101 98 97 123 95 93 127 94 111 112 107 165648
